================================================
             4-BIT ARRAY MULTIPLIER
================================================
 Time    A       B       Product
-----------------------------------------------
10000    2       3       6 (00000110)
20000    5       4       20 (00010100)
30000    7       6       42 (00101010)
40000    9       5       45 (00101101)
50000    11      5       55 (00110111)
60000    15      15      225 (11100001)
================================================
